-1.425595367797893971e+02
-1.422669018015627103e+02
-1.419667792098762220e+02
-1.416588643267886312e+02
-1.413430141057044125e+02
-1.407661900565840369e+02
-1.404283394016874809e+02
-1.400813772675816438e+02
-1.397248839192856735e+02
-1.393586721044406147e+02
-1.389822934667039647e+02
-1.385953047260462085e+02
-1.381974641503471162e+02
-1.377882713696484132e+02
-1.373672276347611501e+02
-1.369340602541869885e+02
-1.361633038724590676e+02
-1.356959129791952989e+02
-1.352144407541212558e+02
-1.347182554832110668e+02
-1.342070173086332261e+02
-1.336800545243837632e+02
-1.331366456810487193e+02
-1.325764253889974498e+02
-1.319986572745776243e+02
-1.314025960237216282e+02
-1.303484199251062137e+02
-1.296987155664800468e+02
-1.290276922828255408e+02
-1.283348799418579347e+02
-1.276194186273662297e+02
-1.268804057050913059e+02
-1.261174509450221990e+02
-1.253297764380490094e+02
-1.245165938127927205e+02
-1.236777411709896199e+02
-1.228126576470468763e+02
-1.212036693579415356e+02
-1.202440991738020841e+02
-1.192534888204965000e+02
-1.182314696796899369e+02
-1.171786799804812773e+02
-1.160955736950866992e+02
-1.149832022513846255e+02
-1.138445297178281663e+02
-1.126829535247097596e+02
-1.115039176641418237e+02
-1.103172989536412416e+02
-1.071686530628815888e+02
-1.056896254417574710e+02
-1.041624280094060566e+02
-1.025857120183501223e+02
-1.009552510870752116e+02
-9.925890706482967119e+01
-9.794817657260938404e+01
-9.586200615230968936e+01
-9.404067931050117579e+01
-9.218699761911848611e+01
-9.435134948584871495e+01
-9.119468492858264597e+01
-8.864829556762006746e+01
-8.629350361517565204e+01
-8.402371580880746649e+01
-8.179937878440290433e+01
-7.960152730298575818e+01
-7.742296850676601139e+01
-7.526040093844250123e+01
-7.311359801965133443e+01
-7.098478611528796023e+01
-6.973797575576183760e+01
-6.759541510331912662e+01
-6.548728369189672094e+01
-6.341539772943161779e+01
-6.138249162854214092e+01
-5.939047874390045934e+01
-5.744188624089308348e+01
-5.553852714624134990e+01
-5.368194769772743768e+01
-5.187384806750212363e+01
-5.011502935794257496e+01
-4.889593253113172011e+01
-4.721744564254409227e+01
-4.559290789041233438e+01
-4.402041175768962944e+01
-4.249929953253563042e+01
-4.102888551540968365e+01
-3.960830364255303948e+01
-3.823652906632148074e+01
-3.691243011848257538e+01
-3.563476925975984955e+01
-2.312804920130512443e+01
-2.350516814671820143e+01
-2.225968084554295245e+01
-2.104733137918339025e+01
-1.986616554010798552e+01
-1.871412123901727398e+01
-1.758906928705525985e+01
-1.648871031773688145e+01
-1.541061372704323240e+01
-1.435216481751741746e+01
-1.331019696574412770e+01
-1.446353700463232705e+01
-1.353776318077438567e+01
-1.262950143883788101e+01
-1.173644055622186499e+01
-1.085604250892884259e+01
-9.985258511308627405e+00
-9.121489347052349927e+00
-8.260674263922499705e+00
-7.398245933123508422e+00
-6.528532003903935177e+00
-5.643948021726822972e+00
-7.873565966738507171e+00
-7.167106681637411825e+00
-6.462470180814783305e+00
-5.756162510141390243e+00
-5.043749694024182162e+00
-4.319464121881283702e+00
-3.575171387119082222e+00
-2.799083360266480636e+00
-1.972013260990369776e+00
-1.058743401041598364e+00
2.272470410559757070e-02
-4.097824269864025482e+00
-3.554415878338943013e+00
-3.003865339287251413e+00
-2.441301458006428948e+00
-1.859736940325383170e+00
-1.247651040565931790e+00
-5.885039802706955037e-01
1.535056383915094358e-01
1.070622717821585912e+00
3.154491035075873473e+00
9.462999506567227215e+00
9.463473105227620863e+00
9.463946667617211261e+00
9.823710823183139595e+00
1.018759431010942507e+01
1.055630725010361282e+01
1.093063091511116269e+01
1.131123219940670133e+01
8.200251265940572409e+00
8.784108687242920155e+00
9.348696305386139827e+00
9.901274253413768989e+00
1.044639033261976735e+01
1.100206235325083171e+01
1.154201014075685627e+01
1.208381069929870044e+01
1.262972221611587642e+01
1.318074738391996448e+01
1.373899179725285613e+01
1.143070668554419989e+01
1.214141924255533667e+01
1.284688722686228246e+01
1.355055172881020553e+01
1.425633558733101935e+01
1.496735147534522525e+01
1.568554316242420477e+01
1.641326334428616462e+01
1.715278934391097110e+01
1.790542597847489503e+01
1.637794428364107446e+01
1.724753992786772727e+01
1.812695868847931280e+01
1.901922820243251167e+01
1.992709289867724465e+01
2.085231909643666981e+01
2.179748880217438511e+01
2.276418569430148153e+01
2.375453587452642168e+01
2.477068573554821995e+01
2.581393782643784718e+01
2.510651458303834715e+01
2.625817468403180754e+01
2.743883841027867021e+01
2.865096772971828187e+01
2.989607354484597224e+01
3.117620586544105876e+01
3.249330308168598691e+01
3.703610611091159655e+01
3.836037914348732869e+01
3.973233842094169432e+01
4.115312056107834593e+01
4.220243059896891680e+01
4.370870209047765087e+01
4.526538095037714982e+01
4.687272637157688138e+01
4.853084783633656940e+01
5.023765439138858824e+01
5.199653324445436198e+01
5.380485474314333061e+01
5.566138341753580931e+01
5.756503417935574873e+01
5.887861264197063349e+01
6.083590404371143023e+01
6.282992226093311672e+01
6.485794319115589701e+01
6.691642135188945417e+01
6.900170241651267133e+01
7.111081197738508308e+01
7.324013077658671023e+01
7.538760086094455914e+01
7.755133988715995486e+01
7.973110800369333617e+01
8.050334053508264276e+01
8.253583269131527800e+01
8.454742134927775510e+01
8.653448023232994046e+01
8.849190469771471612e+01
9.041712042968130447e+01
9.230671116934125564e+01
9.415729337391491072e+01
9.597339512932130390e+01
9.798876343858958649e+01
9.948119072226161563e+01
1.052193999476206301e+02
1.060138226823489447e+02
1.069986896391897631e+02
1.080955525970062467e+02
1.092519248142626793e+02
1.104353204470772596e+02
1.116239192496083632e+02
1.128036084843763831e+02
1.139662903157687595e+02
1.151055353015638048e+02
1.162182984657749500e+02
1.182117329576030897e+02
1.192065788734802680e+02
1.201770494301030681e+02
1.211217440221918480e+02
1.220404035041577799e+02
1.229325184118196717e+02
1.237979245081135105e+02
1.246372357600387772e+02
1.254506613623883027e+02
1.262385516727749462e+02
1.275279826516446349e+02
1.282465878435044715e+02
1.289432897465761982e+02
1.296185112914668878e+02
1.302731397187371556e+02
1.309076765604982029e+02
1.315225851430431021e+02
1.321188144978388834e+02
1.326968456694514771e+02
1.332571898449209584e+02
1.338007294065952237e+02
1.346873940567568582e+02
1.351890282843029354e+02
1.356759962179886543e+02
1.361487165589188635e+02
1.366079045450077274e+02
1.370539422753051326e+02
1.374872174385140511e+02
1.379083672676891297e+02
1.383177363905273012e+02
1.387156766228151810e+02
1.391027556747654330e+02
1.397522059005642063e+02
1.401128464258831343e+02
1.404638322586096990e+02
1.408056681278200415e+02
1.411385818592061128e+02
1.414628325043182144e+02
1.417788357083954338e+02
1.420868390585420684e+02
1.423870296872270558e+02
1.426798123100219868e+02
1.431891471602341142e+02
